a0=7.99965408197e-06  a1=-0.00290755705804
b0=-0.237082192203  b1=0.00643498160706  b2=-3.51905538879e-05
